Ministère de l'Environnement et de la Lutte contre les changements climatiques
Données validées jusqu'au 2021-09-30, préliminaires par la suite
Station:        010902         Petite rivière Cascapédia - à 0,9 km rive gauche aval du pont route-couvert à Saint-Edgar                                                      
Bassin versant: 1340 km²       Régime: Naturel                                           
Coordonnées:    (NAD83) 48° 13' 56" // -65° 43' 59"

Date de création du fichier: 2021-10-18 10:10
Particularité(s):
- 
- 
- 
Lexique:        *** 5 moyennes journalières débit manquantes dans le mois
                --- 3 moyennes journalières débit manquantes consécutives dans le mois

                Débit journalier en m³/s - Valeurs moyennes mensuelles

Année              Jan         Fév        Mars         Avr         Mai        Juin        Juil        Août        Sept         Oct         Nov         Déc              Annuel
1980                                                                                                                                       ---                                
1981                                       ---                     ---                     ---       20.96       14.39       54.77       33.60       45.56                    
1982             11.39       5.457       4.563       15.41       112.6       44.70       42.02       28.37       22.83       11.80       34.75       24.33               29.85
1983             15.46       9.918       13.33       91.03       96.42       38.99       12.21       7.560       10.82       14.52       38.28       32.80               31.78
1984             10.74       8.296       9.787       54.71       183.4       54.84       21.22       12.20       8.464       6.091       10.81       10.79               32.61
1985             6.805       5.758       4.438       10.14       83.26       52.54       49.50       16.97       8.316       22.09       13.68       11.87               23.78
1986             8.947       12.84       6.195       71.56       105.6       26.85       12.41       9.345       14.88       17.56       17.08       13.69               26.41
1987             7.084       4.887       5.195       72.87       39.28       14.53       15.91       10.52       7.661       13.01       26.12       35.76               21.07
1988             8.459       5.126       4.475       19.18       95.20       34.83       22.54       12.23       26.78       50.58       40.44       12.09               27.66
1989             6.652       4.800       4.764       18.73       130.0       39.37       14.58       14.25       12.77       11.40       43.49       15.45               26.35
1990             7.555       5.815       5.307       29.86       99.87       27.22       14.84       25.16       18.67       71.04       33.12       18.25               29.73
1991             8.735       5.493       5.195       45.90       164.0       32.42       12.99       9.316       9.492       56.58       34.20       20.92               33.77
1992             13.03       9.543       7.614       32.86       93.13       46.13       42.20       27.94       17.51       20.33       26.80       11.00               29.01
1993             6.200       4.297       3.418       33.17       79.47       42.46       27.22       29.66       32.46       50.83       32.56       58.76               33.38
1994             12.73       6.960       5.699       44.03       159.8       87.51       49.98       20.10       8.153       15.94       41.98       16.75               39.14
1995             9.202       6.842       5.752       29.76       157.2       45.22       12.25       7.290       5.604       25.10       83.70       17.02               33.75
1996             10.42       14.78       14.63       50.84       104.3       32.70       62.22       20.70       6.374       5.618       19.21       34.57               31.36
1997             12.24       7.643       5.913       14.85       182.2       57.89       22.59       7.970       6.121       7.328       14.16       8.522               28.95
1998             6.136       6.492       16.36       41.42       79.69       42.82       47.51       19.87       18.32       25.47       15.97       9.107               27.43
1999             10.13       9.903       15.70       50.94       151.6       30.47       10.28       10.10       32.20       42.71       47.72       35.26               37.25
2000             11.45       7.766       7.710       54.51       121.9       32.67       19.43       10.81       11.53       11.27       25.40       19.11               27.80
2001             10.38       7.251       7.056       14.11       85.02       51.94       38.20       12.09       11.62       23.92       23.29       13.17               24.84
2002             6.433       4.932       9.543       30.29       95.31       49.01       26.91       10.64       7.195       9.003       11.04       11.70               22.67
2003             7.267       4.943       5.979       27.40       99.84       35.88       17.17       35.27       11.09       41.65       69.22       48.07               33.65
2004             89.51       56.21       42.24       25.92       106.4       30.10       18.43       26.82       51.38       13.44       9.980       15.32               40.48
2005             9.143       6.678       12.50       78.13       126.6       39.68       12.72         ---                                                                    
2011                                                                                       ---       54.97       69.47       12.34       29.08       21.10                    
2012             18.19       10.42       21.25       87.30       87.02       21.28       22.57       15.28       14.23       59.12       43.63       10.17               34.21
2013             7.446       7.768       16.26       37.68       122.1       52.70       11.31       13.85       13.20       12.30       30.18       26.02               29.23
2014             12.00       7.413       5.632       24.07       164.6       45.45       20.51       10.30       8.930       33.29       29.23       28.74               32.51
2015             15.89       7.429       5.628       17.10       133.3       43.38       21.15       20.67       11.44       9.959       30.93       20.04               28.08
2016             8.099       10.76       13.00       60.44       129.5       72.11       19.72       13.41       23.93       21.64       29.07       15.87               34.80
2017             9.520       7.306       6.263       45.19       180.7       22.53       14.50       7.782       9.419       22.01       68.25       16.55               34.17
2018             12.02       10.60       6.318       46.68       149.5       40.19       10.18       6.159       5.138       6.754       23.10       23.45               28.34
2019             20.06       8.710       5.802       31.78       134.7       68.82       13.91       7.983       10.10       15.89       44.27       16.03               31.50
2020             9.422       6.484       5.216       25.47       116.7       33.74       11.05       7.663       7.254       40.09       34.95       104.0               33.50
2021             23.29       8.199       8.742       106.5       57.92       20.39       18.53       11.44       24.61                                                        

Moyennes         13.00       9.051       9.337       42.35       118.5       41.51       23.20       16.45       16.35       25.16       32.63       24.17