Ministère de l'Environnement et de la Lutte contre les changements climatiques
Données validées jusqu'au 2020-09-30, préliminaires par la suite
Station:        062803         Sainte-Marguerite Nord-Est  - à 1,7 km de la rivière Sainte-Marguerite                                                                         
Bassin versant: 1097 km²       Régime: Naturel                                           
Coordonnées:    (NAD83) 48° 16' 5" // -69° 54' 33"

Date de création du fichier: 2021-06-29 10:24
Particularité(s):
- 
- 
- 
Lexique:        *** 5 moyennes journalières débit manquantes dans le mois
                --- 3 moyennes journalières débit manquantes consécutives dans le mois

                Débit journalier en m³/s - Valeurs moyennes mensuelles

Année              Jan         Fév        Mars         Avr         Mai        Juin        Juil        Août        Sept         Oct         Nov         Déc              Annuel
1998                                                                                                                           ---       17.88       20.02                    
1999             11.95       10.37       10.01       26.87       135.9       28.75       19.78       17.51       15.39       30.96       32.26       23.74               30.29
2000             12.54       10.37       11.11       27.12       128.2       33.97       25.04       30.98       25.06       21.20       19.18       13.72               29.87
2001             10.57       7.069       5.149       21.61       96.59       24.75       24.82       11.69       12.24       38.47       29.55       20.62               25.26
2002             9.334       7.754       7.129       51.94       96.25       44.68       12.13       11.72       7.864       10.21       16.23       8.228               23.62
2003             5.585       3.898       5.652       41.18       87.47       28.42       11.70       35.69       11.91       30.65       35.84       22.54               26.71
2004             12.65       7.054       6.791       25.57       149.9       60.99       36.01       13.97       22.90       16.72       13.27       10.60               31.37
2005             8.346       5.992       4.363       40.71       137.7       58.07       15.13       10.51       44.42       37.24       27.71       21.65               34.32
2006             11.12       8.588       8.228       41.22       152.8       32.77       22.90       9.417       15.08       53.03       60.79       16.08               36.00
2007             9.665       7.249       6.492       20.30       69.64       24.65       17.72       13.11       21.62       31.87       21.94       11.32               21.30
2008             10.17       7.794       7.293       41.37       134.9       55.76       37.69       46.13       22.77       24.56       35.18       13.60               36.43
2009             8.780       7.005       6.181       43.76       115.1       33.71       54.30       24.72       14.03       30.14       22.86       14.74               31.28
2010             9.153       7.041       5.563       43.15       65.37       14.23       12.90       8.392       19.98       44.39       22.80       21.97               22.91
2011             10.33       6.939       5.792       12.77       166.6       58.07       20.95       37.61       37.59       30.28       21.23       19.17               35.61
2012             10.07       7.421       24.83       37.82       81.72       28.12       16.40       8.285       11.76       31.17       36.02       12.32               25.49
2013             10.02       11.65       10.41       41.72       165.0       46.59       20.90       27.78       18.15       26.18       32.90       13.20               35.38
2014             9.023       6.570       5.475       21.29       127.1       35.77       11.16       13.50       21.57       53.13       25.99       17.35               28.99
2015             9.699       6.150       4.495       22.73       118.5       27.58       32.82       29.39       20.92       15.16       35.58       20.21               28.60
2016             10.36       7.817       8.168       29.59       121.1       74.62       25.42       11.91       15.28       24.86       31.16       15.06               31.28
2017             10.18       8.501       8.684       29.07       172.9       44.89       17.44       10.08       13.04       36.23       55.65       18.37               35.42
2018             13.64       9.953       7.697       21.26       155.7       45.60       11.14       10.03       13.79       29.32       26.57       14.65               29.95
2019             9.412       6.967       6.656       28.12       140.6       95.43       18.51       8.679       16.90       20.50       31.81       10.21               32.82
2020             6.616       4.810       6.112       23.48       122.4       43.80       16.21       30.44       34.99                                                        

Moyennes         9.964       7.589       7.831       31.48       124.6       42.78       21.87       19.16       19.88       30.30       29.65       16.33